h = [1 0 -1; 1 0 -1];

hnew = [h; 1 0 -1];